300.0D0
2
2
.6842D0
.8736D0
0.0D0
0.0D0
1.0D0
0.0D0
0.0D0
1.0D0
0.0D0
0.0D0
1.0D0
0.0D0
.1092D0
.8736D0
-21.91D0
.1486D0
0.0D0
0.0D0
15.0D0
35.0D0
50.0D0
.2869D0
.9764D0
0.0D0
0.0D0
1.0D0
0.0D0
0.0D0
1.0D0
0.0D0
0.0D0
1.0D0
0.0D0
0.135D0
0.9764D0
31.34D0
.1D0
0.0D0
0.0D0
15.0D0
35.0D0
50.0D0
0.0D0
0.0D0
0.0D0
.6311D0
.7469D0
0.0D0
.3324D0
.7469D0
0.0D0
.0523D0
.07469D0
0.0D0
.0774D0
.7469D0
-24.34D0
.0667D0
.58D0
310.0D0
100.0D0
350.0D0
1000.0D0
.005D0
1.0D0
100.0D0
0.0D0
1.0D0
0.0D0
0.0D0
1.0D0
0.0D0
.004D0
1.0D0
300.0D0
0.0D0
0.0D0
0.0D0
.0667D0
.1D0
790.0D0
1500.0D0
1500.0D0
1500.0D0
1500.0D0
.2278D0
.7469D0
0.0D0
.000283D0
1.0D0
90.0D0
.0667D0
.5D0
310.0D0
.0368D0
.7482D0
131.0D0
0.0D0
1.0D0
0.0D0
.0667D0
.5D0
320.0D0
.003D0
1.0D0
0.0D0
.002D0
1.0D0
0.0D0
.0667D0
.2D0
790.0D0
.2278D0
.7469D0
0.0D0
.000283D0
1.0D0
90.0D0
.0667D0
.5D0
310.0D0
.1D0
.25D0
0.0D0
.05D0
.0D0